h <- 99.93